# x/m B/mT
0.8e-2   3.031
1.0e-2   3.009
1.2e-2   2.985
1.4e-2   2.959
1.6e-2   2.937
1.8e-2   2.918
2.0e-2   2.902
2.2e-2   2.888
2.4e-2   2.878
2.6e-2   2.870
2.8e-2   2.865
3.0e-2   2.864
3.2e-2   2.866
3.4e-2   2.871
3.6e-2   2.879
3.8e-2   2.891
4.0e-2   2.907
4.2e-2   2.927
4.4e-2   2.945
4.6e-2   2.968
4.8e-2   2.995
5.0e-2   3.015
5.2e-2   3.045
5.4e-2   3.062
10.8e-2  2.475
11.8e-2  2.093
12.8e-2  1.735
13.8e-2  1.376
14.8e-2  1.095
15.8e-2  0.878
16.8e-2  0.707
17.8e-2  0.568
18.8e-2  0.459
19.8e-2  0.375
20.8e-2  0.310
21.8e-2  0.260
22.8e-2  0.217
23.8e-2  0.182
24.8e-2  0.159
