# x/m B/mT
0.8e-2   3.757e-3
1.0e-2   3.758e-3
1.2e-2   3.761e-3
1.4e-2   3.762e-3
1.6e-2   3.764e-3
1.8e-2   3.765e-3
2.0e-2   3.767e-3
2.2e-2   3.767e-3
2.4e-2   3.762e-3
7.6e-2   2.756e-3
8.0e-2   2.607e-3
8.4e-2   2.419e-3
8.8e-2   2.241e-3
9.2e-2   2.066e-3
9.6e-2   1.911e-3
10.0e-2  1.756e-3
10.4e-2  1.613e-3
10.8e-2  1.481e-3
11.2e-2  1.358e-3
11.6e-2  1.240e-3
12.0e-2  1.143e-3
12.4e-2  1.042e-3
12.8e-2  0.955e-3
13.2e-2  0.869e-3
13.6e-2  0.798e-3
14.0e-2  0.740e-3
14.4e-2  0.672e-3
14.8e-2  0.618e-3
15.2e-2  0.574e-3
15.6e-2  0.525e-3
16.0e-2  0.487e-3
